
1   601
2   589
3   431
4   446
5   509
6   464
7   579
8   760
9   711
10   668
11   612
12   379
13   492
14   447
15   576
16   472
17   660
18   608
19   469
20   627
21   580
22   636
23   502
24   420
25   572
26   514
27   454
28   512
29   566
30   439
31   381
32   532
33   438
34   540
35   719
36   482
37   542
38   513
39   488
40   415
41   563
42   467
43   474
44   400
45   504
46   489
47   683
48   500
49   614
50   580
51   596
52   390
53   572
54   464
55   359
56   713
57   571
58   622
59   573
60   484
61   477
62   521
63   673
64   504
65   552
66   410
67   435
68   430
69   778
70   532
71   802
72   519
73   409
74   488
75   479
76   597
77   387
78   442
79   493
80   485
81   381
82   392
83   551
84   698
85   431
86   687
87   620
88   520
89   679
90   457
91   583
92   559
93   616
94   626
95   486
96   444
97   487
98   656
99   622
100   608
ukupno   534.79