1   727
2   607
3   386
4   598
5   560
6   816
7   475
8   749
9   545
10   634
11   615
12   561
13   720
14   539
15   650
16   566
17   779
18   683
19   688
20   492
21   580
22   629
23   470
24   720
25   728
26   696
27   495
28   654
29   479
30   616
31   508
32   565
33   715
34   568
35   639
36   676
37   638
38   577
39   515
40   571
41   632
42   694
43   616
44   655
45   582
46   598
47   573
48   585
49   588
50   688
51   615
52   620
53   708
54   649
55   625
56   568
57   535
58   755
59   444
60   655
61   503
62   632
63   524
64   532
65   700
66   625
67   917
68   747
69   414
70   598
71   516
72   655
73   710
74   601
75   514
76   702
77   655
78   600
79   703
80   532
81   691
82   664
83   579
84   619
85   629
86   463
87   629
88   640
89   537
90   430
91   576
92   550
93   654
94   761
95   665
96   636
97   805
98   571
99   529
100   606
ukupno   614.28