1   497
2   539
3   633
4   559
5   602
6   495
7   552
8   538
9   452
10   455
11   479
12   394
13   480
14   482
15   578
16   638
17   549
18   450
19   473
20   476
21   474
22   507
23   512
24   413
25   661
26   664
27   691
28   547
29   475
30   607
31   637
32   558
33   490
34   504
35   529
36   482
37   495
38   461
39   496
40   474
41   657
42   513
43   530
44   682
45   553
46   722
47   478
48   500
49   550
50   604
51   537
52   546
53   543
54   459
55   620
56   491
57   464
58   473
59   422
60   436
61   403
62   632
63   542
64   481
65   644
66   489
67   751
68   639
69   613
70   559
71   546
72   556
73   522
74   489
75   565
76   491
77   571
78   521
79   398
80   475
81   367
82   655
83   564
84   494
85   626
86   550
87   535
88   431
89   598
90   857
91   445
92   481
93   421
94   536
95   412
96   519
97   423
98   699
99   406
100   462
ukupno   531.46