1   548
2   621
3   697
4   857
5   711
6   696
7   567
8   599
9   574
10   512
11   671
12   637
13   612
14   601
15   706
16   669
17   615
18   610
19   783
20   755
21   612
22   589
23   747
24   705
25   592
26   604
27   617
28   582
29   605
30   608
31   815
32   880
33   515
34   509
35   601
36   663
37   655
38   654
39   796
40   743
41   641
42   647
43   791
44   774
45   598
46   595
47   716
48   723
49   690
50   694
51   701
52   709
53   514
54   504
55   700
56   671
57   716
58   707
59   769
60   749
61   638
62   644
63   695
64   735
65   618
66   600
67   788
68   767
69   720
70   705
71   671
72   655
73   654
74   621
75   799
76   772
77   682
78   675
79   656
80   631
81   653
82   660
83   690
84   699
85   858
86   851
87   750
89   737
90   810
91   717
92   670
93   605
94   570
95   689
96   716
97   664
98   636
99   798
100  781
ukupno   670.22
